Texte 100 caractères (ms)

6.270; 6.065; 6.291; 6.915; 6.361; 6.203; 6.493; 6.669; 6.400; 6.229; 5.858; 6.287; 6.467; 6.155; 6.014; 6.661; 6.657; 6.721; 7.629; 6.225; 6.170; 5.949; 6.434; 6.689; 6.907; 6.041; 5.993; 6.299; 6.507; 7.154; 5.969; 6.106; 6.287; 6.081; 6.148; 6.225; 6.405; 6.090; 6.147; 6.347; 6.239; 6.550; 6.025; 6.190; 6.664; 6.069; 8.868; 6.136; 5.880; 6.769; 6.337; 6.573; 6.276; 6.051; 6.025; 6.036; 6.681; 6.113; 6.218; 6.488; 5.897; 6.206; 6.032; 6.259; 6.719; 6.611; 6.558; 6.334; 6.059; 6.651; 6.379; 6.609; 6.450; 6.650; 6.349; 6.801; 6.750; 5.984; 6.651; 6.655; 6.776; 6.266; 5.866; 6.176; 6.376; 5.914; 7.031; 5.834; 6.281; 6.009; 6.801; 6.326; 6.702; 6.022; 6.199; 6.414; 6.373; 6.426; 6.317; 6.240
Moyenne: 6.37659

Texte 1000 caractères (ms)

30.64; 30.86; 24.91; 25.12; 25.94; 23.37; 31.40; 28.75; 25.00; 31.29; 23.01; 29.04; 25.52; 24.81; 24.00; 28.03; 29.98; 24.62; 28.57; 27.75; 25.10; 23.35; 28.01; 33.60; 26.26; 35.61; 25.09; 30.74; 29.97; 44.41; 24.30; 24.05; 24.36; 23.22; 28.97; 23.57; 28.50; 28.58; 29.62; 24.20; 24.05; 24.18; 23.51; 24.23; 25.02; 23.67; 29.48; 27.45; 28.91; 25.43; 27.94; 25.54; 25.52; 27.79; 31.21; 27.20; 29.87; 23.54; 26.21; 29.62; 26.76; 28.07; 34.89; 28.11; 30.50; 27.95; 30.54; 26.23; 23.54; 25.69; 30.66; 25.48; 27.00; 32.16; 23.61; 23.95; 23.58; 25.82; 23.79; 22.69; 30.28; 28.69; 27.07; 25.61; 25.69; 23.84; 23.19; 26.09; 27.44; 28.07; 51.41; 27.24; 32.04; 30.35; 27.47; 26.15; 26.37; 24.46; 28.96; 26.80
Moyenne: 27.4273

Texte 10000 caractères (ms)

149.8; 161.5; 160.8; 151.1; 167.0; 157.2; 176.4; 153.5; 162.4; 154.6; 160.9; 158.7; 156.2; 153.6; 170.5; 162.6; 153.2; 167.0; 153.6; 159.0; 162.8; 151.4; 161.8; 157.5; 161.2; 156.1; 150.9; 165.4; 163.4; 154.4; 154.3; 156.9; 181.4; 162.4; 155.1; 152.7; 151.5; 156.2; 159.6; 153.9; 153.3; 158.5; 153.6; 158.4; 161.3; 162.5; 159.6; 167.7; 151.6; 160.0; 154.7; 156.4; 163.9; 159.4; 156.0; 168.8; 151.9; 157.2; 153.0; 165.4; 156.2; 155.6; 155.7; 159.2; 159.7; 151.3; 166.6; 163.3; 158.6; 153.0; 161.8; 164.9; 147.8; 164.8; 153.2; 160.9; 157.5; 157.7; 153.9; 157.5; 154.1; 164.9; 158.4; 154.3; 149.7; 162.3; 160.6; 156.8; 154.7; 162.2; 162.2; 154.9; 157.7; 156.2; 162.9; 155.2; 156.3; 160.4; 156.8; 155.6
Moyenne: 158.471

Texte 20000 caractères (ms)

296.9; 263.3; 268.9; 267.7; 271.0; 268.3; 273.1; 271.0; 271.0; 267.7; 264.4; 263.8; 268.1; 270.4; 269.3; 269.3; 269.3; 273.1; 273.3; 269.8; 265.0; 273.6; 262.5; 269.6; 269.4; 268.6; 271.1; 269.4; 280.8; 273.2; 268.5; 263.5; 265.7; 267.3; 273.0; 267.5; 272.3; 271.3; 269.3; 272.4; 270.7; 263.8; 268.3; 272.1; 264.4; 287.6; 267.7; 272.1; 270.6; 271.2; 271.4; 266.5; 268.7; 270.5; 279.9; 265.6; 284.0; 281.2; 271.3; 264.9; 269.5; 265.6; 265.7; 269.3; 275.7; 271.6; 273.7; 262.5; 263.3; 272.5; 267.2; 266.8; 274.1; 264.1; 266.6; 263.1; 263.6; 275.9; 270.8; 271.7; 263.3; 269.3; 263.6; 264.6; 263.6; 266.8; 270.8; 267.5; 273.3; 272.0; 269.3; 270.6; 269.5; 269.1; 286.0; 270.5; 276.4; 272.2; 268.2; 269.5
Moyenne: 270.056