Texte 100 caractères (ms)

9.502; 9.825; 9.974; 9.359; 9.314; 9.900; 9.959; 9.709; 9.638; 9.618; 9.976; 8.982; 9.560; 10.01; 9.377; 9.983; 9.838; 9.954; 10.30; 10.10; 9.897; 9.707; 9.373; 9.001; 10.06; 10.28; 9.841; 8.908; 9.273; 9.510; 10.18; 9.933; 10.23; 9.923; 10.28; 9.688; 10.52; 9.903; 8.972; 10.55; 9.625; 10.04; 9.236; 9.771; 9.993; 9.588; 9.462; 9.258; 10.01; 10.94; 12.24; 9.795; 9.688; 9.031; 9.560; 9.813; 9.642; 9.604; 10.26; 9.858; 10.40; 9.788; 9.911; 8.985; 9.881; 10.06; 9.734; 10.04; 9.811; 9.329; 9.173; 10.34; 9.981; 10.00; 9.079; 9.440; 10.43; 10.04; 9.812; 10.04; 9.897; 10.31; 10.11; 10.02; 10.43; 9.744; 9.786; 10.08; 9.843; 10.12; 8.889; 9.974; 10.08; 9.629; 9.968; 9.943; 10.21; 10.23; 9.706; 9.977
Moyenne: 9.83541

Texte 1000 caractères (ms)

34.72; 32.98; 34.02; 35.79; 32.97; 40.97; 34.36; 57.10; 35.78; 33.31; 30.27; 35.67; 33.74; 34.09; 34.72; 32.95; 34.76; 31.65; 34.84; 33.42; 32.37; 37.98; 31.61; 36.99; 32.66; 33.63; 31.85; 31.85; 31.26; 38.80; 29.96; 32.61; 31.98; 29.37; 31.56; 33.28; 30.38; 33.03; 32.76; 36.75; 32.33; 32.31; 30.96; 33.50; 35.24; 32.06; 29.05; 29.24; 34.41; 32.64; 32.73; 32.12; 38.66; 30.66; 33.38; 32.60; 32.18; 34.24; 34.65; 30.89; 33.97; 30.22; 38.89; 36.37; 34.03; 30.28; 33.44; 38.09; 30.07; 34.13; 30.67; 30.33; 36.41; 32.03; 34.08; 29.62; 31.97; 36.36; 51.62; 39.06; 30.71; 33.91; 30.81; 33.51; 30.09; 31.84; 38.81; 33.81; 31.58; 35.86; 43.03; 33.40; 29.06; 29.73; 31.05; 31.60; 31.08; 30.89; 35.31; 35.33
Moyenne: 33.7569

Texte 10000 caractères (ms)

190.7; 195.7; 209.5; 196.7; 210.6; 197.9; 193.0; 195.7; 220.4; 197.6; 192.9; 203.3; 202.1; 208.7; 196.2; 220.8; 195.7; 198.1; 197.4; 196.6; 199.8; 196.3; 196.1; 205.9; 207.4; 192.8; 198.1; 203.5; 205.2; 200.9; 201.2; 201.6; 202.9; 194.6; 195.5; 196.5; 202.5; 199.5; 193.6; 208.0; 204.8; 198.7; 195.4; 196.5; 203.1; 195.0; 199.9; 203.2; 213.3; 192.7; 194.2; 194.0; 197.6; 193.8; 195.3; 193.4; 214.0; 194.7; 191.5; 199.4; 200.5; 195.0; 200.5; 200.4; 211.2; 195.5; 194.9; 197.9; 194.5; 198.1; 198.6; 200.9; 210.7; 204.9; 194.4; 192.6; 204.9; 203.4; 196.4; 197.3; 197.0; 199.2; 194.8; 191.7; 194.7; 197.8; 202.5; 207.0; 200.0; 197.3; 199.2; 195.8; 218.5; 214.0; 192.7; 203.1; 199.5; 229.7; 192.0; 210.9
Moyenne: 200.22

Texte 20000 caractères (ms)

459.8; 367.9; 366.1; 366.6; 380.3; 367.8; 369.9; 361.5; 369.0; 378.9; 368.4; 366.8; 367.5; 363.6; 366.2; 359.7; 362.5; 369.1; 363.7; 359.5; 368.5; 364.7; 367.7; 369.2; 367.2; 379.6; 368.8; 365.9; 373.8; 368.7; 368.2; 360.0; 362.1; 366.9; 365.4; 368.1; 367.3; 364.2; 374.1; 363.7; 365.6; 367.8; 368.0; 374.9; 365.8; 366.4; 367.9; 367.3; 363.9; 371.6; 367.2; 368.1; 370.2; 370.1; 369.1; 365.2; 369.1; 369.6; 364.5; 361.9; 362.4; 366.0; 367.7; 368.9; 368.2; 360.5; 361.4; 372.1; 368.5; 362.6; 360.1; 366.6; 372.1; 363.3; 376.0; 362.4; 362.7; 370.7; 363.0; 365.8; 360.2; 362.0; 370.1; 362.0; 364.9; 362.4; 368.2; 370.8; 365.4; 367.1; 369.4; 360.0; 365.7; 367.2; 370.7; 377.3; 371.9; 368.5; 368.8; 376.5
Moyenne: 368.13199999999995